Trip_Name
Kumbakonam Navagraga Trip
